1        | 
101000   | 
102000   | 
103000   | 
104000   | 
111000   | 
112000   | 
113000   | 
114000   | 
121000   | 
122000   | 
123000   | 
124000   | 
131000   | 
132000   | 
133000   | 
134000   | 
141000   | 
142000   | 
143000   | 
144000   | 
151000   | 
152000   | 
153000   | 
154000   | 
161000   | 
162000   | 
163000   | 
164000   | 
171000   | 
172000   | 
173000   | 
174000   | 
181000   | 
182000   | 
183000   | 
184000   | 
191000   | 
192000   | 
193000   | 
194000   | 
201000   | 
202000   | 
203000   | 
204000   | 
211000   | 
212000   | 
213000   | 
214000   | 
221000   | 
222000   | 
223000   | 
224000   | 
231000   | 
232000   | 
233000   | 
234000   | 
241000   | 
242000   | 
243000   | 
244000   | 
251000   | 
252000   | 
253000   | 
254000   | 
261000   | 
262000   | 
263000   | 
264000   | 
271000   | 
272000   | 
273000   | 
274000   | 
281000   | 
282000   | 
283000   | 
284000   | 
291000   | 
292000   | 
293000   | 
294000   | 
301000   | 
302000   | 
303000   | 
304000   | 
400000   | 
401000   | 
402000   | 
403000   | 
600000   | 
601000   | 
602000   | 
603000   | 
610000   | 
611000   | 
612000   | 
613000   | 
620000   | 
621000   | 
622000   | 
623000   | 
630000   | 
631000   | 
632000   | 
633000   | 
640000   | 
641000   | 
642000   | 
643000   | 
650000   | 
651000   | 
652000   | 
653000   | 
660000   | 
661000   | 
662000   | 
663000   | 
670000   | 
671000   | 
672000   | 
673000   | 
730000   | 
731000   | 
732000   | 
733000   | 
740000   | 
741000   | 
742000   | 
743000   | 
750000   | 
751000   | 
752000   | 
753000   | 
760000   | 
761000   | 
762000   | 
763000   | 
770000   | 
771000   | 
772000   | 
773000   | 
780000   | 
781000   | 
782000   | 
783000   | 
790000   | 
791000   | 
792000   | 
793000   | 
800000   | 
801000   | 
802000   | 
803000   | 
810000   | 
811000   | 
812000   | 
813000   | 
820000   | 
821000   | 
822000   | 
823000   | 
830000   | 
831000   | 
832000   | 
833000   | 
840000   | 
841000   | 
842000   | 
843000   | 
900000   | 
901000   | 
902000   | 
903000   | 
910000   | 
911000   | 
912000   | 
913000   | 
920000   | 
921000   | 
922000   | 
923000   | 
930000   | 
931000   | 
932000   | 
933000   | 
950000   | 
951000   | 
952000   | 
953000   | 
961000   | 
962000   | 
963000   | 
964000   | 
971000   | 
972000   | 
973000   | 
974000   | 
981000   | 
982000   | 
983000   | 
984000   | 
991000   | 
992000   | 
993000   | 
994000   | 
1000000  | 
1001000  | 
1002000  | 
1003000  | 
19000000 | 
19001000 | 
19002000 | 
19003000 | 
19500000 | 
19501000 | 
19502000 | 
19503000 | 
20000000 | 
20000100 | 
20001000 | 
20002000 | 
20003000 | 
21000000 | 
21001000 | 
21002000 | 
21003000 | 
21500000 | 
21501000 | 
21502000 | 
21503000 | 
22000000 | 
22001000 | 
22002000 | 
22003000 | 
22500000 | 
22501000 | 
22502000 | 
22503000 | 
23000000 | 
23001000 | 
23002000 | 
23003000 | 
23100000 | 
23101000 | 
23500000 | 
23501000 | 
23502000 | 
23503000 | 
24000000 | 
24001000 | 
24002000 | 
24003000 | 
24500000 | 
24501000 | 
24502000 | 
24503000 | 
25000000 | 
25001000 | 
25002000 | 
25003000 | 
25500000 | 
25501000 | 
25502000 | 
25503000 | 
26000000 | 
26001000 | 
26002000 | 
26003000 | 
26500000 | 
26501000 | 
26502000 | 
26503000 | 
27000000 | 
27001000 | 
27002000 | 
27003000 | 
27500000 | 
27501000 | 
27502000 | 
27503000 | 
28000000 | 
28001000 | 
28002000 | 
28003000 | 
28501000 | 
28502000 | 
28503000 | 
29000000 | 
29001000 | 
29002000 | 
29003000 | 
29500000 | 
29501000 | 
29502000 | 
29503000 | 
30000000 | 
30001000 | 
30002000 | 
30003000 | 
30101000 | 
31000000 | 
31001000 | 
31002000 | 
31003000 | 
31100100 | 
32000000 | 
32000100 | 
32001000 | 
32002000 | 
32003000 | 
33000100 | 
40000000 | 
40001000 | 
40003000 | 
40100100 | 
40200000 | 
43000000 | 
44000000 | 
44001000 | 
44002000 | 
44003000 | 
44500100 | 
45000100 | 
46000000 | 
46001000 | 
46002000 | 
46003000 | 
47000000 | 
47001000 | 
47002000 | 
47003000 | 
47500000 | 
48000000 | 
48001000 | 
48002000 | 
48003000 | 
48500000 | 
48501000 | 
49000000 | 
49001000 | 
49002000 | 
49003000 | 
50000100 | 
50500000 | 
50501000 | 
50502000 | 
50503000 | 
51000100 | 
52000000 | 
52001000 | 
52002000 | 
52003000 | 
53000000 | 
53001000 | 
53002000 | 
53003000 | 
54000000 | 
54001000 | 
54002000 | 
54003000 | 
54500000 | 
54501000 | 
54502000 | 
54503000 | 
55000000 | 
55001000 | 
55002000 | 
55003000 | 
55500000 | 
55501000 | 
55502000 | 
55503000 | 
56000000 | 
56001000 | 
56002000 | 
56003000 | 
56500000 | 
56501000 | 
56503000 | 
57000000 | 
57001000 | 
57002000 | 
57003000 | 
57500000 | 
58000000 | 
58001000 | 
58002000 | 
58003000 | 
58500000 | 
58501000 | 
58502000 | 
58503000 | 
59000100 | 
59500000 | 
60000000 | 
60001000 | 
60002000 | 
60003000 | 
60500000 | 
60501000 | 
60502000 | 
60503000 | 
61000000 | 
61001000 | 
61002000 | 
61003000 | 
61500000 | 
61501000 | 
61503000 | 
62000100 | 
63000000 | 
63001000 | 
63002000 | 
63003000 | 
63500000 | 
63501000 | 
63502000 | 
63503000 | 
64000000 | 
64001000 | 
64002000 | 
64003000 | 
64501000 | 
64502000 | 
64503000 | 
65000100 | 
66000000 | 
66001000 | 
66003000 | 
66501000 | 
66503000 | 
67000100 | 
67500000 | 
67501000 | 
67502000 | 
67503000 | 
68001000 | 
68002000 | 
68003000 | 
68500000 | 
70000000 | 
70001000 | 
70002000 | 
70003000 | 
71000000 | 
71001000 | 
71002000 | 
71003000 | 
72000000 | 
72001000 | 
72002000 | 
72003000 | 
73000000 | 
73001000 | 
73002000 | 
73003000 | 
74000000 | 
74001000 | 
74002000 | 
74003000 | 
74500000 | 
74501000 | 
74502000 | 
74503000 | 
75000000 | 
75001000 | 
75002000 | 
75003000 | 
75500000 | 
75501000 | 
75502000 | 
75503000 | 
76000000 | 
76001000 | 
76002000 | 
76003000 | 
76500000 | 
76501000 | 
76502000 | 
76503000 | 
77000000 | 
77001000 | 
77002000 | 
77003000 | 
77500000 | 
77501000 | 
77502000 | 
77503000 | 
78001000 | 
78002000 | 
78003000 | 
78500000 | 
79000000 | 
79001000 | 
79002000 | 
79003000 | 
79500000 | 
79501000 | 
79502000 | 
79503000 | 
80000000 | 
80001000 | 
80002000 | 
80003000 | 
80500000 | 
80501000 | 
80502000 | 
80503000 | 
81000000 | 
81001000 | 
81002000 | 
81003000 | 
81500000 | 
81501000 | 
81502000 | 
81503000 | 
82000000 | 
82001000 | 
82002000 | 
82003000 | 
82500000 | 
82501000 | 
82502000 | 
82503000 | 
83000000 | 
83001000 | 
83002000 | 
83003000 | 
83500000 | 
83501000 | 
83502000 | 
83503000 | 
84000000 | 
84001000 | 
84002000 | 
84003000 | 
84500000 | 
84501000 | 
84502000 | 
84503000 | 
85000000 | 
85001000 | 
85002000 | 
85003000 | 
86000000 | 
86001000 | 
86002000 | 
86003000 | 
87000000 | 
87001000 | 
87002000 | 
87003000 | 
88000000 | 
88001000 | 
88002000 | 
88003000 | 
89001000 | 
89002000 | 
89003000 | 
90000000 | 
90001000 | 
90002000 | 
90003000 | 
91000000 | 
91001000 | 
91002000 | 
91003000 | 
92000000 | 
92001000 | 
92002000 | 
92003000 | 
93000000 | 
93001000 | 
93002000 | 
93003000 | 
94000000 | 
94001000 | 
94002000 | 
94003000 | 
95000100 | 
96000000 | 
96001000 | 
96002000 | 
96003000 | 
97000100 | 
98000000 | 
98001000 | 
98002000 | 
98003000 | 
99000000 | 
99001000 | 
99002000 | 
99003000 | 