60       | 
61       | 
62       | 
63       | 
64       | 
65       | 
66       | 
67       | 
68       | 
69       | 
94       | 
100      | 
101      | 
102      | 
103      | 
108      | 
111      | 
115      | 
117      | 
119      | 
150      | 
151      | 
152      | 
153      | 
154      | 
155      | 
156      | 
157      | 
158      | 
159      | 
160      | 
161      | 
162      | 
163      | 
164      | 
165      | 
166      | 
167      | 
168      | 
169      | 
170      | 
171      | 
190      | 
191      | 
192      | 
193      | 
194      | 
195      | 
196      | 
197      | 
198      | 
199      | 
200      | 
201      | 
202      | 
203      | 
204      | 
205      | 
206      | 
207      | 
208      | 
209      | 
210      | 
211      | 
240      | 
241      | 
260      | 
261      | 
262      | 
270      | 
271      | 
272      | 
274      | 
276      | 
280      | 
290      | 
292      | 
293      | 
294      | 
296      | 
297      | 
299      | 
300      | 
302      | 
303      | 
304      | 
310      | 
311      | 
315      | 
330      | 
331      | 
334      | 
335      | 
336      | 
340      | 
341      | 
343      | 
350      | 
351      | 
366      | 
367      | 
368      | 
369      | 
370      | 
371      | 
372      | 
373      | 
374      | 
375      | 
376      | 
377      | 
378      | 
379      | 
380      | 
385      | 
387      | 
388      | 
390      | 
400      | 
401      | 
402      | 
403      | 
404      | 
405      | 
406      | 
407      | 
408      | 
409      | 
410      | 
411      | 
412      | 
413      | 
414      | 
415      | 
416      | 
417      | 
418      | 
419      | 
420      | 
440      | 
452      | 
454      | 
455      | 
456      | 
457      | 
458      | 
459      | 
460      | 
461      | 
462      | 
463      | 
490      | 
500      | 
520      | 
521      | 
522      | 
523      | 
524      | 
650      | 
651      | 
712      | 
714      | 
715      | 
717      | 
718      | 
719      | 
720      | 
721      | 
722      | 
724      | 
725      | 
726      | 
727      | 
728      | 
729      | 
731      | 
732      | 
733      | 
739      | 
743      | 
744      | 
745      | 
746      | 
747      | 
1000     | 
1001     | 
1002     | 
1003     | 
1020     | 
1030     | 
1100     | 
1110     | 
1120     | 
1130     | 
1140     | 
1150     | 
1160     | 
1170     | 
1180     | 
1190     | 
1200     | 
1210     | 
1220     | 
1230     | 
1240     | 
1250     | 
2001     | 
2005     |
2007     | 
2008     | 
2009     | 
2010     | 
2011     | 
2012     | 
2013     | 
2014     | 
2015     | 
2102     | 
2103     | 
2104     | 
2105     | 
2106     | 
2107     | 
2108     | 
2109     | 
2110     | 
2111     | 
2112     | 
2113     | 
2114     | 
2115     | 
2116     | 
2117     | 
2118     | 
2119     | 
2120     | 
2121     | 
2123     | 
2124     | 
2125     | 
2126     | 
2127     | 
2128     | 
2129     | 
2130     | 
2131     | 
2132     | 
2133     | 
2134     | 
2135     | 
2137     | 
2138     | 
2139     | 
2140     | 
2141     | 
2142     | 
2143     | 
2144     | 
2145     | 
2146     | 
2147     | 
2148     | 
2149     | 
2150     | 
2151     | 
2152     | 
2153     | 
2154     | 
2155     | 
2156     | 
2157     | 
2158     | 
2159     | 
9000     | 
9001     | 
9002     | 
9003     | 
9004     | 
9005     | 
9006     | 
9007     | 
9008     | 
9009     | 
9012     | 
9013     | 
9014     | 
9015     | 
9016     | 
9017     | 
9018     | 
9019     | 
9020     | 
9021     | 
9023     | 
9024     | 
9025     | 
9026     | 
9027     | 
9028     | 
9029     | 
9030     | 
9031     | 
9032     | 
9033     | 
9034     | 
9035     | 
100000   | 
100002   | 
100010   | 
100011   | 
100020   | 
100021   | 