10000    | 
10020    | 
10030    | 
10040    | 
10050    | 
10060    | 
10070    | 
10080    | 
10090    | 
20000    | 
20001    | 
20002    | 
20003    | 
20010    | 
20011    | 
20012    | 
20013    | 
20020    | 
20021    | 
20022    | 
20023    | 
20030    | 
20031    | 
20032    | 
20033    | 
20040    | 
20041    | 
20042    |  
20043    | 
20050    | 
20051    | 
20052    | 
20060    | 
20061    | 
20062    | 
20070    | 
20071    |    
20072    | 
20080    | 
20081    | 
20082    | 
20090    | 
20091    | 
20100    | 
20101    | 
20110    | 
20111    | 
20120    | 
20130    | 
20131    | 
20140    | 
20141    | 
20142    | 
20150    | 
20160    | 
20170    | 
20180    | 
20190    | 
20191    | 
20192    | 
20193    | 
20200    | 
20210    | 
20230    | 
20231    | 
20240    | 
20241    | 
20250    | 
20251    | 
20270    | 
20271    | 
20272    | 
20280    | 
20281    | 
20282    | 
20290    | 
20300    | 
20310    | 
20320    | 
20330    | 
20370    | 
20380    | 
20390    | 
20391    | 
20392    | 
20393    | 
20400    | 
20401    | 
20402    | 
20403    | 
20410    | 
20420    | 
20430    | 
20440    | 
20450    | 
20460    | 
20470    | 
20480    | 
20490    | 
20500    | 
20510    | 
20520    | 
20540    | 
20550    | 
20560    | 
20580    | 
20590    | 
20591    | 
20592    | 
20593    | 
20600    | 
20610    | 
20620    | 
20630    | 
20660    | 
20670    | 
20700    | 
20710    | 
20720    | 
20730    | 
20740    | 
20750    | 
20790    | 
20830    | 
21000    | 
900200   | 
900201   | 
900202   | 
900204   | 
900210   | 
900211   | 
900212   | 
910000   | 