1000     | 
1100     | 
1200     | 
1300     | 
1400     | 
1500     | 
1600     | 
1700     | 
1800     | 
1900     | 
2000     | 
2100     | 
91000    | 
91100    | 
92000    | 
92100    | 
93000    | 
93100    | 
94000    | 
94100    | 
95000    | 
95100    | 
96000    | 
96100    | 
98000    | 
98100    | 
98200    | 
98300    | 
98400    | 
98500    | 
98600    | 
98700    | 
98800    | 
98900    | 
99000    | 
99100    | 
110000   | 
400000   | 
400100   | 
400200   | 
400300   | 
400400   | 
400500   | 
400600   | 
400700   | 
402000   | 
402200   | 
402300   | 
402400   | 
404000   | 
404100   | 
404200   | 
404300   | 
404400   | 
404500   | 
404600   | 
409900   | 
419900   | 
800000   | 
890000   | 
890010   | 
890020   | 
890030   | 
890040   | 
890050   | 
890060   | 
890070   | 
930000   | 
930100   | 
930200   | 
930300   | 
930310   | 
930400   | 
930500   | 
930600   | 
930700   |   
930800   | 
930900   | 
931000   | 
931100   | 
931200   | 
931300   | 
931400   | 
931500   | 
931600   | 
931700   | 
931800   | 
931900   | 
932000   | 
932100   | 
932200   | 
932300   | 
932400   | 
932500   | 
932600   | 
932700   | 
932800   | 
932900   | 
933000   | 
933100   | 
933200   | 
933300   | 
933400   | 
933600   | 
933610   | 
933700   | 
933710   | 
933800   | 
933900   | 
1000000  | 
1000100  | 
1000200  | 
1000300  | 
1000400  | 
1000500  | 
1000600  | 
1000700  | 
1000800  | 
1000900  | 
1001000  | 
1001100  | 
1001200  | 
1001300  | 
1001400  | 
1001500  | 
1010000  | 
1010100  | 
1010200  | 
1010300  | 
1010400  | 
1010500  | 
1010600  | 
1010700  | 
1010800  | 
1010900  | 
1011000  | 
1011100  | 
1011200  | 
1011300  | 
1011400  | 
1011500  | 
1020000  | 
1020100  | 
1020200  | 
1020300  | 
1020400  | 
1020500  | 
1020600  | 
1020700  | 
1020800  | 
1020900  | 
1021000  | 
1021100  | 
1021200  | 
1021300  | 
1021400  | 
1021500  | 
1040000  | 
1040100  | 
1040200  | 
1040300  | 
1040400  | 
1040500  | 
1040600  | 
1040700  | 
1040800  | 
1040900  | 
1041000  | 
1041100  | 
1041200  | 
1041300  | 
1041400  | 
1041500  | 
1060000  | 
1060100  | 
1060200  | 
1060300  | 
1060400  | 
1060500  | 
1060600  | 
1060700  | 
1060800  | 
1060900  | 
1061000  | 
1061100  | 
1061200  | 
1061300  | 
1061400  | 
1061500  | 
1070000  | 
1080000  | 
1090000  | 
1090100  | 
1090200  | 
1090300  | 
1090400  | 
1090500  | 
1090600  | 
1090700  | 
1090800  | 
1090900  | 
1091000  | 
1091100  | 
1091200  | 
1091300  | 
1091400  | 
1091500  | 
1120000  | 
1140000  | 
1150000  | 
1150100  | 
1150200  | 
1150300  | 
1150400  | 
1150500  | 
1150600  | 
1150700  | 
1150800  | 
1150900  | 
1151000  | 
1151100  | 
1151200  | 
1151300  | 
1151400  | 
1151500  | 
2000000  | 
2000100  | 
2000200  | 
2000300  | 
2000400  | 
2000500  | 
2000600  | 
2000700  | 
2000800  | 
2000900  | 
2001000  | 
2001100  | 
2001200  | 
2001300  | 
2001400  | 
2001500  | 
2010000  | 
2010100  | 
2010200  | 
2010300  | 
2010400  | 
2010500  | 
2010600  | 
2010700  | 
2010800  | 
2010900  | 
2011000  | 
2011100  | 
2011200  | 
2011300  | 
2011400  | 
2011500  | 
2020000  | 
2020100  | 
2020200  | 
2020300  | 
2020400  | 
2020500  | 
2020600  | 
2020700  | 
2020800  | 
2020900  | 
2021000  | 
2021100  | 
2021200  | 
2021300  | 
2021400  | 
2021500  | 
2030000  | 
2030100  | 
2030200  | 
2030300  | 
2030400  | 
2030500  | 
2030600  | 
2030700  | 
2030800  | 
2030900  | 
2031000  | 
2031100  | 
2031200  | 
2031300  | 
2031400  | 
2031500  | 
2060000  | 
2060100  | 
2060200  | 
2060300  | 
2060400  | 
2060500  | 
2060600  | 
2060700  | 
2060800  | 
2060900  | 
2061000  | 
2061100  | 
2061200  | 
2061300  | 
2061400  | 
2061500  | 
2110000  | 
2120000  | 
2120100  | 
2120200  | 
2120300  | 
2120400  | 
2120500  | 
2120600  | 
2120700  | 
2120800  | 
2120900  | 
2121000  | 
2121100  | 
2121200  | 
2121300  | 
2121400  | 
2121500  | 
2140000  | 
2160000  | 
2180000  | 
2200000  | 
2200100  | 
2200200  | 
2200300  | 
2200400  | 
2200500  | 
2200600  | 
2200700  | 
2200800  | 
2200900  | 
2201000  | 
2201100  | 
2201200  | 
2201300  | 
2201400  | 
2201500  | 
2210000  | 
2210100  | 
2210200  | 
2210300  | 
2210400  | 
2210500  | 
2210600  | 
2210700  | 
2210800  | 
2210900  | 
2211000  | 
2211100  | 
2211200  | 
2211300  | 
2211400  | 
2211500  | 
2220000  | 
2230000  | 
2240000  | 
2250000  | 
2260000  | 
3000000  | 
3000100  | 
3000200  | 
3000300  | 
3000400  | 
3000500  | 
3000600  | 
3000700  | 
3000800  | 
3000900  | 
3001000  | 
3001100  | 
3001200  | 
3001300  | 
3001400  | 
3001500  | 
3010000  | 
3010100  | 
3010200  | 
3010300  | 
3010400  | 
3010500  | 
3010600  | 
3010700  | 
3010800  | 
3010900  | 
3011000  | 
3011100  | 
3011200  | 
3011300  | 
3011400  | 
3011500  | 
3020000  | 
3020100  | 
3020200  | 
3020300  | 
3020400  | 
3020500  | 
3020600  | 
3020700  | 
3020800  | 
3020900  | 
3021000  | 
3021100  | 
3021200  | 
3021300  | 
3021400  | 
3021500  | 
3030000  | 
3030100  | 
3030200  | 
3030300  | 
3030400  | 
3030500  | 
3030600  | 
3030700  | 
3030800  | 
3030900  | 
3031000  | 
3031100  | 
3031200  | 
3031300  | 
3031400  | 
3031500  | 
3040000  | 
3050000  | 
4010000  | 
4010100  | 
4010200  | 
4010300  | 
4010400  | 
4010500  | 
4010600  | 
4010700  | 
4010800  | 
4010900  | 
4011000  | 
4011100  | 
4011200  | 
4011300  | 
4011400  | 
4011500  | 
4030000  | 
4030100  | 
4030200  | 
4030300  | 
4030400  | 
4030500  | 
4030600  | 
4030700  | 
4030800  | 
4030900  | 
4031000  | 
4031100  | 
4031200  | 
4031300  | 
4031400  | 
4031500  | 
4040000  | 
4040100  | 
4040200  | 
4040300  | 
4040400  | 
4040500  | 
4040600  | 
4040700  | 
4040800  | 
4040900  | 
4041000  | 
4041100  | 
4041200  | 
4041300  | 
4041400  | 
4041500  | 
4050000  | 
4050100  | 
4050200  | 
4050300  | 
4050400  | 
4050500  | 
4050600  | 
4050700  | 
4050800  | 
4050900  | 
4051000  | 
4051100  | 
4051200  | 
4051300  | 
4051400  | 
4051500  | 
4060000  | 
4060100  | 
4060200  | 
4060300  | 
4060400  | 
4060500  | 
4060600  | 
4060700  | 
4060800  | 
4060900  | 
4061000  | 
4061100  | 
4061200  | 
4061300  | 
4061400  | 
4061500  | 
4070000  | 
4080000  | 
4090000  | 
4090100  | 
4090200  | 
4090300  | 
4090400  | 
4090500  | 
4090600  | 
4090700  | 
4090800  | 
4090900  | 
4091000  | 
4091100  | 
4091200  | 
4091300  | 
4091400  | 
4091500  | 
4100000  | 
4110000  | 
4110100  | 
4110200  | 
4110300  | 
4110400  | 
4110500  | 
4110600  | 
4110700  | 
4110800  | 
4110900  | 
4111000  | 
4111100  | 
4111200  | 
4111300  | 
4111400  | 
4111500  | 
4120000  | 
4120100  | 
4120200  | 
4120300  | 
4120400  | 
4120500  | 
4120600  | 
4120700  | 
4120800  | 
4120900  | 
4121000  | 
4121100  | 
4121200  | 
4121300  | 
4121400  | 
4121500  | 
4130000  | 
5000000  | 
5000100  | 
5000200  | 
5000300  | 
5000400  | 
5000500  | 
5000600  | 
5000700  | 
5000800  | 
5000900  | 
5001000  | 
5001100  | 
5001200  | 
5001300  | 
5001400  | 
5001500  | 
5010000  | 
5010100  | 
5010200  | 
5010300  | 
5010400  | 
5010500  | 
5010600  | 
5010700  | 
5010800  | 
5010900  | 
5011000  | 
5011100  | 
5011200  | 
5011300  | 
5011400  | 
5011500  | 
5020000  | 
5030000  | 
5030100  | 
5030200  | 
5030300  | 
5030400  | 
5030500  | 
5030600  | 
5030700  | 
5030800  | 
5030900  | 
5031000  | 
5031100  | 
5031200  | 
5031300  | 
5031400  | 
5031500  | 
5040000  | 
5050000  | 
5060000  | 
6000000  | 
6000100  | 
6000200  | 
6000300  | 
6000400  | 
6000500  | 
6000600  | 
6000700  | 
6000800  | 
6000900  | 
6001000  | 
6001100  | 
6001200  | 
6001300  | 
6001400  | 
6001500  | 
6020000  | 
6020100  | 
6020200  | 
6020300  | 
6020400  | 
6020500  | 
6020600  | 
6020700  | 
6020800  | 
6020900  | 
6021000  | 
6021100  | 
6021200  | 
6021300  | 
6021400  | 
6021500  | 
6040000  | 
6040100  | 
6040200  | 
6040300  | 
6040400  | 
6040500  | 
6040600  | 
6040700  | 
6040800  | 
6040900  | 
6041000  | 
6041100  | 
6041200  | 
6041300  | 
6041400  | 
6041500  | 
6050000  | 
6050100  | 
6050200  | 
6050300  | 
6050400  | 
6050500  | 
6050600  | 
6050700  | 
6050800  | 
6050900  | 
6051000  | 
6051100  | 
6051200  | 
6051300  | 
6051400  | 
6051500  | 
6070000  | 
6070100  | 
6070200  | 
6070300  | 
6070400  | 
6070500  | 
6070600  | 
6070700  | 
6070800  | 
6070900  | 
6071000  | 
6071100  | 
6071200  | 
6071300  | 
6071400  | 
6071500  | 
6080000  | 
6080100  | 
6080200  | 
6080300  | 
6080400  | 
6080500  | 
6080600  | 
6080700  | 
6080800  | 
6080900  | 
6081000  | 
6081100  | 
6081200  | 
6081300  | 
6081400  | 
6081500  | 
6100000  | 
6100100  | 
6100200  | 
6100300  | 
6100400  | 
6100500  | 
6100600  | 
6100700  | 
6100800  | 
6100900  | 
6101000  | 
6101100  | 
6101200  | 
6101300  | 
6101400  | 
6101500  | 
6130000  | 
6140000  | 
6140100  | 
6140200  | 
6140300  | 
6140400  | 
6140500  | 
6140600  | 
6140700  | 
6140800  | 
6140900  | 
6141000  | 
6141100  | 
6141200  | 
6141300  | 
6141400  | 
6141500  | 
6150000  | 
6150100  | 
6150200  | 
6150300  | 
6150400  | 
6150500  | 
6150600  | 
6150700  | 
6150800  | 
6150900  | 
6151000  | 
6151100  | 
6151200  | 
6151300  | 
6151400  | 
6151500  | 
6170000  | 
6180000  | 
6190000  | 
6190100  | 
6190200  | 
6190300  | 
6190400  | 
6190500  | 
6190600  | 
6190700  | 
6190800  | 
6190900  | 
6191000  | 
6191100  | 
6191200  | 
6191300  | 
6191400  | 
6191500  | 
6200000  | 
6230000  | 
6240000  | 
6240100  | 
6240200  | 
6240300  | 
6240400  | 
6240500  | 
6240600  | 
6240700  | 
6240800  | 
6240900  | 
6241000  | 
6241100  | 
6241200  | 
6241300  | 
6241400  | 
6241500  | 
6250000  | 
6260000  | 
6270000  | 
6280000  | 
6290000  | 
6300000  | 
6310000  | 
6320000  | 
6330000  | 
6330100  | 
6330200  | 
6330300  | 
6330400  | 
6330500  | 
6330600  | 
6330700  | 
6330800  | 
6330900  | 
6331000  | 
6331100  | 
6331200  | 
6331300  | 
6331400  | 
6331500  | 
6340000  | 
6350000  | 
6360000  | 
6370000  | 
6380000  | 
6380100  | 
6380200  | 
6380300  | 
6380400  | 
6380500  | 
6380600  | 
6380700  | 
6380800  | 
6380900  | 
6381000  | 
6381100  | 
6381200  | 
6381300  | 
6381400  | 
6381500  | 
7000000  | 
7000100  | 
7000200  | 
7000300  | 
7000400  | 
7000500  | 
7000600  | 
7000700  | 
7000800  | 
7000900  | 
7001000  | 
7001100  | 
7001200  | 
7001300  | 
7001400  | 
7001500  | 
7010000  | 
7010100  | 
7010200  | 
7010300  | 
7010400  | 
7010500  | 
7010600  | 
7010700  | 
7010800  | 
7010900  | 
7011000  | 
7011100  | 
7011200  | 
7011300  | 
7011400  | 
7011500  | 
7020000  | 
7020100  | 
7020200  | 
7020300  | 
7020400  | 
7020500  | 
7020600  | 
7020700  | 
7020800  | 
7020900  | 
7021000  | 
7021100  | 
7021200  | 
7021300  | 
7021400  | 
7021500  | 
7040000  | 
7040100  | 
7040200  | 
7040300  | 
7040400  | 
7040500  | 
7040600  | 
7040700  | 
7040800  | 
7040900  | 
7041000  | 
7041100  | 
7041200  | 
7041300  | 
7041400  | 
7041500  | 
7050000  | 
7050100  | 
7050200  | 
7050300  | 
7050400  | 
7050500  | 
7050600  | 
7050700  | 
7050800  | 
7050900  | 
7051000  | 
7051100  | 
7051200  | 
7051300  | 
7051400  | 
7051500  | 
7070000  | 
7080000  | 
7080100  | 
7080200  | 
7080300  | 
7080400  | 
7080500  | 
7080600  | 
7080700  | 
7080800  | 
7080900  | 
7081000  | 
7081100  | 
7081200  | 
7081300  | 
7081400  | 
7081500  | 
7100000  | 
7100100  | 
7100200  | 
7100300  | 
7100400  | 
7100500  | 
7100600  | 
7100700  | 
7100800  | 
7100900  | 
7101000  | 
7101100  | 
7101200  | 
7101300  | 
7101400  | 
7101500  | 
7110000  | 
7120000  | 
7130000  | 
7150000  | 
7150100  | 
7150200  | 
7150300  | 
7150400  | 
7150500  | 
7150600  | 
7150700  | 
7150800  | 
7150900  | 
7151000  | 
7151100  | 
7151200  | 
7151300  | 
7151400  | 
7151500  | 
7170000  | 
7170100  | 
7170200  | 
7170300  | 
7170400  | 
7170500  | 
7170600  | 
7170700  | 
7170800  | 
7170900  | 
7171000  | 
7171100  | 
7171200  | 
7171300  | 
7171400  | 
7171500  | 
7180000  | 
8000000  | 
8000100  | 
8000200  | 
8000300  | 
8000400  | 
8000500  | 
8000600  | 
8000700  | 
8000800  | 
8000900  | 
8001000  | 
8001100  | 
8001200  | 
8001300  | 
8001400  | 
8001500  | 
8010000  | 
8010100  | 
8010200  | 
8010300  | 
8010400  | 
8010500  | 
8010600  | 
8010700  | 
8010800  | 
8010900  | 
8011000  | 
8011100  | 
8011200  | 
8011300  | 
8011400  | 
8011500  | 
8020000  | 
8020100  | 
8020200  | 
8020300  | 
8020400  | 
8020500  | 
8020600  | 
8020700  | 
8020800  | 
8020900  | 
8021000  | 
8021100  | 
8021200  | 
8021300  | 
8021400  | 
8021500  | 
8030000  | 
8030100  | 
8030200  | 
8030300  | 
8030400  | 
8030500  | 
8030600  | 
8030700  | 
8030800  | 
8030900  | 
8031000  | 
8031100  | 
8031200  | 
8031300  | 
8031400  | 
8031500  | 
8060000  | 
8060100  | 
8060200  | 
8060300  | 
8060400  | 
8060500  | 
8060600  | 
8060700  | 
8060800  | 
8060900  | 
8061000  | 
8061100  | 
8061200  | 
8061300  | 
8061400  | 
8061500  | 
8080000  | 
8080100  | 
8080200  | 
8080300  | 
8080400  | 
8080500  | 
8080600  | 
8080700  | 
8080800  | 
8080900  | 
8081000  | 
8081100  | 
8081200  | 
8081300  | 
8081400  | 
8081500  | 
8110000  | 
8110100  | 
8110200  | 
8110300  | 
8110400  | 
8110500  | 
8110600  | 
8110700  | 
8110800  | 
8110900  | 
8111000  | 
8111100  | 
8111200  | 
8111300  | 
8111400  | 
8111500  | 
8160000  | 
8160100  | 
8160200  | 
8160300  | 
8160400  | 
8160500  | 
8160600  | 
8160700  | 
8160800  | 
8160900  | 
8161000  | 
8161100  | 
8161200  | 
8161300  | 
8161400  | 
8161500  | 
8170000  | 
8180000  | 
8190000  | 
8220000  | 
8240000  | 
8240100  | 
8240200  | 
8240300  | 
8240400  | 
8240500  | 
8240600  | 
8240700  | 
8240800  | 
8240900  | 
8241000  | 
8241100  | 
8241200  | 
8241300  | 
8241400  | 
8241500  | 
8250000  | 
8250100  | 
8250200  | 
8250300  | 
8250400  | 
8250500  | 
8250600  | 
8250700  | 
8250800  | 
8250900  | 
8251000  | 
8251100  | 
8251200  | 
8251300  | 
8251400  | 
8251500  | 
8260000  | 
8270000  | 
8280000  | 
8280100  | 
8280200  | 
8280300  | 
8280400  | 
8280500  | 
8280600  | 
8280700  | 
8280800  | 
8280900  | 
8281000  | 
8281100  | 
8281200  | 
8281300  | 
8281400  | 
8281500  | 
8290000  | 
8300000  | 
8300100  | 
8300200  | 
8300300  | 
8300400  | 
8300500  | 
8300600  | 
8300700  | 
8300800  | 
8300900  | 
8301000  | 
8301100  | 
8301200  | 
8301300  | 
8301400  | 
8301500  | 
8310000  | 
8320000  | 
9000000  | 
9000100  | 
9000200  | 
9000300  | 
9000400  | 
9000500  | 
9000600  | 
9000700  | 
9000800  | 
9000900  | 
9001000  | 
9001100  | 
9001200  | 
9001300  | 
9001400  | 
9001500  | 
9010000  | 
9010100  | 
9010200  | 
9010300  | 
9010400  | 
9010500  | 
9010600  | 
9010700  | 
9010800  | 
9010900  | 
9011000  | 
9011100  | 
9011200  | 
9011300  | 
9011400  | 
9011500  | 
9030000  | 
9030100  | 
9030200  | 
9030300  | 
9030400  | 
9030500  | 
9030600  | 
9030700  | 
9030800  | 
9030900  | 
9031000  | 
9031100  | 
9031200  | 
9031300  | 
9031400  | 
9031500  | 
9080000  | 
9080100  | 
9080200  | 
9080300  | 
9080400  | 
9080500  | 
9080600  | 
9080700  | 
9080800  | 
9080900  | 
9081000  | 
9081100  | 
9081200  | 
9081300  | 
9081400  | 
9081500  | 
9090000  | 
9090100  | 
9090200  | 
9090300  | 
9090400  | 
9090500  | 
9090600  | 
9090700  | 
9090800  | 
9090900  | 
9091000  | 
9091100  | 
9091200  | 
9091300  | 
9091400  | 
9091500  | 
9100000  | 
9100100  | 
9100200  | 
9100300  | 
9100400  | 
9100500  | 
9100600  | 
9100700  | 
9100800  | 
9100900  | 
9101000  | 
9101100  | 
9101200  | 
9101300  | 
9101400  | 
9101500  | 
9110000  | 
9120000  | 
9120100  | 
9120200  | 
9120300  | 
9120400  | 
9120500  | 
9120600  | 
9120700  | 
9120800  | 
9120900  | 
9121000  | 
9121100  | 
9121200  | 
9121300  | 
9121400  | 
9121500  | 
9130000  | 
9140000  | 
9160000  | 
9170000  | 
9180000  | 
9180100  | 
9180200  | 
9180300  | 
9180400  | 
9180500  | 
9180600  | 
9180700  | 
9180800  | 
9180900  | 
9181000  | 
9181100  | 
9181200  | 
9181300  | 
9181400  | 
9181500  | 
9190000  | 
9200000  | 
9200100  | 
9200200  | 
9200300  | 
9200400  | 
9200500  | 
9200600  | 
9200700  | 
9200800  | 
9200900  | 
9201000  | 
9201100  | 
9201200  | 
9201300  | 
9201400  | 
9201500  | 
9220000  | 
9230000  | 
9230100  | 
9230200  | 
9230300  | 
9230400  | 
9230500  | 
9230600  | 
9230700  | 
9230800  | 
9230900  | 
9231000  | 
9231100  | 
9231200  | 
9231300  | 
9231400  | 
9231500  | 
9240000  | 
9250000  | 
9250100  | 
9250200  | 
9250300  | 
9250400  | 
9250500  | 
9250600  | 
9250700  | 
9250800  | 
9250900  | 
9251000  | 
9251100  | 
9251200  | 
9251300  | 
9251400  | 
9251500  | 
9260000  | 
10000000 | 
10000100 | 
10000200 | 
10000300 | 
10000400 | 
10000500 | 
10000600 | 
10000700 | 
10000800 | 
10000900 | 
10001000 | 
10001100 | 
10001200 | 
10001300 | 
10001400 | 
10001500 | 
10010000 | 
10010100 | 
10010200 | 
10010300 | 
10010400 | 
10010500 | 
10010600 | 
10010700 | 
10010800 | 
10010900 | 
10011000 | 
10011100 | 
10011200 | 
10011300 | 
10011400 | 
10011500 | 
10020000 | 
10020100 | 
10020200 | 
10020300 | 
10020400 | 
10020500 | 
10020600 | 
10020700 | 
10020800 | 
10020900 | 
10021000 | 
10021100 | 
10021200 | 
10021300 | 
10021400 | 
10021500 | 
10030000 | 
10030100 | 
10030200 | 
10030300 | 
10030400 | 
10030500 | 
10030600 | 
10030700 | 
10030800 | 
10030900 | 
10031000 | 
10031100 | 
10031200 | 
10031300 | 
10031400 | 
10031500 | 
10050000 | 
10070000 | 
10080000 | 
10080100 | 
10080200 | 
10080300 | 
10080400 | 
10080500 | 
10080600 | 
10080700 | 
10080800 | 
10080900 | 
10081000 | 
10081100 | 
10081200 | 
10081300 | 
10081400 | 
10081500 | 
10090000 | 
10090100 | 
10090200 | 
10090300 | 
10090400 | 
10090500 | 
10090600 | 
10090700 | 
10090800 | 
10090900 | 
10091000 | 
10091100 | 
10091200 | 
10091300 | 
10091400 | 
10091500 | 
10100000 | 
10140000 | 
10140100 | 
10140200 | 
10140300 | 
10140400 | 
10140500 | 
10140600 | 
10140700 | 
10140800 | 
10140900 | 
10141000 | 
10141100 | 
10141200 | 
10141300 | 
10141400 | 
10141500 | 
10150000 | 
10160000 | 
10170000 | 
10170100 | 
10170200 | 
10170300 | 
10170400 | 
10170500 | 
10170600 | 
10170700 | 
10170800 | 
10170900 | 
10171000 | 
10171100 | 
10171200 | 
10171300 | 
10171400 | 
10171500 | 
10180000 | 
11000000 | 
11000100 | 
11000200 | 
11000300 | 
11000400 | 
11000500 | 
11000600 | 
11000700 | 
11000800 | 
11000900 | 
11001000 | 
11001100 | 
11001200 | 
11001300 | 
11001400 | 
11001500 | 
11010000 | 
11010100 | 
11010200 | 
11010300 | 
11010400 | 
11010500 | 
11010600 | 
11010700 | 
11010800 | 
11010900 | 
11011000 | 
11011100 | 
11011200 | 
11011300 | 
11011400 | 
11011500 | 
11020000 | 
11020100 | 
11020200 | 
11020300 | 
11020400 | 
11020500 | 
11020600 | 
11020700 | 
11020800 | 
11020900 | 
11021000 | 
11021100 | 
11021200 | 
11021300 | 
11021400 | 
11021500 | 
11030000 | 
11040000 | 
11050000 | 
11050100 | 
11050200 | 
11050300 | 
11050400 | 
11050500 | 
11050600 | 
11050700 | 
11050800 | 
11050900 | 
11051000 | 
11051100 | 
11051200 | 
11051300 | 
11051400 | 
11051500 | 
12000000 | 
12000100 | 
12000200 | 
12000300 | 
12000400 | 
12000500 | 
12000600 | 
12000700 | 
12000800 | 
12000900 | 
12001000 | 
12001100 | 
12001200 | 
12001300 | 
12001400 | 
12001500 | 
12040000 | 
12050000 | 
12050100 | 
12050200 | 
12050300 | 
12050400 | 
12050500 | 
12050600 | 
12050700 | 
12050800 | 
12050900 | 
12051000 | 
12051100 | 
12051200 | 
12051300 | 
12051400 | 
12051500 | 
12060000 | 
12070000 | 
13050000 | 
13060000 | 
13070000 | 
13080000 | 
13100000 | 
13110000 | 
13120000 | 
13140000 | 
13160000 | 
13170000 | 
13180000 | 
13190000 | 
13200000 | 
13210000 | 
13220000 | 
13230000 | 
13240000 | 
13250000 | 
13260000 | 
13270000 | 
13280000 | 
13290000 | 
13300000 | 
13400000 | 
13410000 | 
13420000 | 
13430000 | 
13440000 | 
13600000 | 
14010000 | 
14020000 | 
14040000 | 
14050000 | 
14060000 | 
14070000 | 
14090000 | 
14100000 | 
14110000 | 
14120000 | 
14130000 | 
14140000 | 
14150000 | 
14170000 | 
14180000 | 
14190000 | 
16000000 | 
16000100 | 
16000200 | 
16000300 | 
16000400 | 
16000500 | 
16000600 | 
16000700 | 
16000800 | 
16000900 | 
16001000 | 
16001100 | 
16001200 | 
16001300 | 
16001400 | 
16001500 | 
16020000 | 
16020100 | 
16020200 | 
16020300 | 
16020400 | 
16020500 | 
16020600 | 
16020700 | 
16020800 | 
16020900 | 
16021000 | 
16021100 | 
16021200 | 
16021300 | 
16021400 | 
16021500 | 
16030000 | 
16030100 | 
16030200 | 
16030300 | 
16030400 | 
16030500 | 
16030600 | 
16030700 | 
16030800 | 
16030900 | 
16031000 | 
16031100 | 
16031200 | 
16031300 | 
16031400 | 
16031500 | 
16040000 | 
16050000 | 
16050100 | 
16050200 | 
16050300 | 
16050400 | 
16050500 | 
16050600 | 
16050700 | 
16050800 | 
16050900 | 
16051000 | 
16051100 | 
16051200 | 
16051300 | 
16051400 | 
16051500 | 
16060000 | 
16060100 | 
16060200 | 
16060300 | 
16060400 | 
16060500 | 
16060600 | 
16060700 | 
16060800 | 
16060900 | 
16061000 | 
16061100 | 
16061200 | 
16061300 | 
16061400 | 
16061500 | 
16070000 | 
16070100 | 
16070200 | 
16070300 | 
16070400 | 
16070500 | 
16070600 | 
16070700 | 
16070800 | 
16070900 | 
16071000 | 
16071100 | 
16071200 | 
16071300 | 
16071400 | 
16071500 | 
16090000 | 
16090100 | 
16090200 | 
16090300 | 
16090400 | 
16090500 | 
16090600 | 
16090700 | 
16090800 | 
16090900 | 
16091000 | 
16091100 | 
16091200 | 
16091300 | 
16091400 | 
16091500 | 
16100000 | 
16100100 | 
16100200 | 
16100300 | 
16100400 | 
16100500 | 
16100600 | 
16100700 | 
16100800 | 
16100900 | 
16101000 | 
16101100 | 
16101200 | 
16101300 | 
16101400 | 
16101500 | 
16120000 | 
16120100 | 
16120200 | 
16120300 | 
16120400 | 
16120500 | 
16120600 | 
16120700 | 
16120800 | 
16120900 | 
16121000 | 
16121100 | 
16121200 | 
16121300 | 
16121400 | 
16121500 | 
16130000 | 
16130100 | 
16130200 | 
16130300 | 
16130400 | 
16130500 | 
16130600 | 
16130700 | 
16130800 | 
16130900 | 
16131000 | 
16131100 | 
16131200 | 
16131300 | 
16131400 | 
16131500 | 
16140000 | 
16150000 | 
16150100 | 
16150200 | 
16150300 | 
16150400 | 
16150500 | 
16150600 | 
16150700 | 
16150800 | 
16150900 | 
16151000 | 
16151100 | 
16151200 | 
16151300 | 
16151400 | 
16151500 | 
16160000 | 
20000000 | 
20000100 | 
20000200 | 
20000300 | 
20000400 | 
20000500 | 
20000600 | 
20000700 | 
20000800 | 
20000900 | 
20001000 | 
20001100 | 
20001200 | 
20001300 | 
20001400 | 
20001500 | 
20010000 | 
20010100 | 
20010200 | 
20010300 | 
20010400 | 
20010500 | 
20010600 | 
20010700 | 
20010800 | 
20010900 | 
20011000 | 
20011100 | 
20011200 | 
20011300 | 
20011400 | 
20011500 | 
20030000 | 
20030100 | 
20030200 | 
20030300 | 
20030400 | 
20030500 | 
20030600 | 
20030700 | 
20030800 | 
20030900 | 
20031000 | 
20031100 | 
20031200 | 
20031300 | 
20031400 | 
20031500 | 
20040000 | 
20040100 | 
20040200 | 
20040300 | 
20040400 | 
20040500 | 
20040600 | 
20040700 | 
20040800 | 
20040900 | 
20041000 | 
20041100 | 
20041200 | 
20041300 | 
20041400 | 
20041500 | 
20070000 | 
20070100 | 
20070200 | 
20070300 | 
20070400 | 
20070500 | 
20070600 | 
20070700 | 
20070800 | 
20070900 | 
20071000 | 
20071100 | 
20071200 | 
20071300 | 
20071400 | 
20071500 | 
20080000 | 
20080100 | 
20080200 | 
20080300 | 
20080400 | 
20080500 | 
20080600 | 
20080700 | 
20080800 | 
20080900 | 
20081000 | 
20081100 | 
20081200 | 
20081300 | 
20081400 | 
20081500 | 
20110000 | 
20110100 | 
20110200 | 
20110300 | 
20110400 | 
20110500 | 
20110600 | 
20110700 | 
20110800 | 
20110900 | 
20111000 | 
20111100 | 
20111200 | 
20111300 | 
20111400 | 
20111500 | 
20120000 | 
20120100 | 
20120200 | 
20120300 | 
20120400 | 
20120500 | 
20120600 | 
20120700 | 
20120800 | 
20120900 | 
20121000 | 
20121100 | 
20121200 | 
20121300 | 
20121400 | 
20121500 | 
20130000 | 
20130100 | 
20130200 | 
20130300 | 
20130400 | 
20130500 | 
20130600 | 
20130700 | 
20130800 | 
20130900 | 
20131000 | 
20131100 | 
20131200 | 
20131300 | 
20131400 | 
20131500 | 
20150000 | 
20160000 | 
20160100 | 
20160200 | 
20160300 | 
20160400 | 
20160500 | 
20160600 | 
20160700 | 
20160800 | 
20160900 | 
20161000 | 
20161100 | 
20161200 | 
20161300 | 
20161400 | 
20161500 | 
20170000 | 
20170100 | 
20170200 | 
20170300 | 
20170400 | 
20170500 | 
20170600 | 
20170700 | 
20170800 | 
20170900 | 
20171000 | 
20171100 | 
20171200 | 
20171300 | 
20171400 | 
20171500 | 
20180000 | 
20180100 | 
20180200 | 
20180300 | 
20180400 | 
20180500 | 
20180600 | 
20180700 | 
20180800 | 
20180900 | 
20181000 | 
20181100 | 
20181200 | 
20181300 | 
20181400 | 
20181500 | 
20190000 | 
20190100 | 
20190200 | 
20190300 | 
20190400 | 
20190500 | 
20190600 | 
20190700 | 
20190800 | 
20190900 | 
20191000 | 
20191100 | 
20191200 | 
20191300 | 
20191400 | 
20191500 | 
20200000 | 
20200100 | 
20200200 | 
20200300 | 
20200400 | 
20200500 | 
20200600 | 
20200700 | 
20200800 | 
20200900 | 
20201000 | 
20201100 | 
20201200 | 
20201300 | 
20201400 | 
20201500 | 
20210000 | 
20210100 | 
20210200 | 
20210300 | 
20210400 | 
20210500 | 
20210600 | 
20210700 | 
20210800 | 
20210900 | 
20211000 | 
20211100 | 
20211200 | 
20211300 | 
20211400 | 
20211500 | 
20220000 | 
20220100 | 
20220200 | 
20220300 | 
20220400 | 
20220500 | 
20220600 | 
20220700 | 
20220800 | 
20220900 | 
20221000 | 
20221100 | 
20221200 | 
20221300 | 
20221400 | 
20221500 | 
20230000 | 
20230100 | 
20230200 | 
20230300 | 
20230400 | 
20230500 | 
20230600 | 
20230700 | 
20230800 | 
20230900 | 
20231000 | 
20231100 | 
20231200 | 
20231300 | 
20231400 | 
20231500 | 
20240000 | 
20240100 | 
20240200 | 
20240300 | 
20240400 | 
20240500 | 
20240600 | 
20240700 | 
20240800 | 
20240900 | 
20241000 | 
20241100 | 
20241200 | 
20241300 | 
20241400 | 
20241500 | 
20250000 | 
20250100 | 
20250200 | 
20250300 | 
20250400 | 
20250500 | 
20250600 | 
20250700 | 
20250800 | 
20250900 | 
20251000 | 
20251100 | 
20251200 | 
20251300 | 
20251400 | 
20251500 | 
20270000 | 
20270100 | 
20270200 | 
20270300 | 
20270400 | 
20270500 | 
20270600 | 
20270700 | 
20270800 | 
20270900 | 
20271000 | 
20271100 | 
20271200 | 
20271300 | 
20271400 | 
20271500 | 
20280000 | 
20290000 | 
20300000 | 
20300100 | 
20300200 | 
20300300 | 
20300400 | 
20300500 | 
20300600 | 
20300700 | 
20300800 | 
20300900 | 
20301000 | 
20301100 | 
20301200 | 
20301300 | 
20301400 | 
20301500 | 
20310000 | 
21010000 | 
21010100 | 
21010200 | 
21010300 | 
21010400 | 
21010500 | 
21010600 | 
21010700 | 
21010800 | 
21010900 | 
21011000 | 
21011100 | 
21011200 | 
21011300 | 
21011400 | 
21011500 | 
21040000 | 
21040100 | 
21040200 | 
21040300 | 
21040400 | 
21040500 | 
21040600 | 
21040700 | 
21040800 | 
21040900 | 
21041000 | 
21041100 | 
21041200 | 
21041300 | 
21041400 | 
21041500 | 
21060000 | 
21070000 | 
21070100 | 
21070200 | 
21070300 | 
21070400 | 
21070500 | 
21070600 | 
21070700 | 
21070800 | 
21070900 | 
21071000 | 
21071100 | 
21071200 | 
21071300 | 
21071400 | 
21071500 | 
21100000 | 
21120000 | 
21130000 | 
21130100 | 
21130200 | 
21130300 | 
21130400 | 
21130500 | 
21130600 | 
21130700 | 
21130800 | 
21130900 | 
21131000 | 
21131100 | 
21131200 | 
21131300 | 
21131400 | 
21131500 | 
21140000 | 
21140100 | 
21140200 | 
21140300 | 
21140400 | 
21140500 | 
21140600 | 
21140700 | 
21140800 | 
21140900 | 
21141000 | 
21141100 | 
21141200 | 
21141300 | 
21141400 | 
21141500 | 
21150000 | 
21150100 | 
21150200 | 
21150300 | 
21150400 | 
21150500 | 
21150600 | 
21150700 | 
21150800 | 
21150900 | 
21151000 | 
21151100 | 
21151200 | 
21151300 | 
21151400 | 
21151500 | 
21160000 | 
21160100 | 
21160200 | 
21160300 | 
21160400 | 
21160500 | 
21160600 | 
21160700 | 
21160800 | 
21160900 | 
21161000 | 
21161100 | 
21161200 | 
21161300 | 
21161400 | 
21161500 | 
21170000 | 
21180000 | 
21190000 | 
21190100 | 
21190200 | 
21190300 | 
21190400 | 
21190500 | 
21190600 | 
21190700 | 
21190800 | 
21190900 | 
21191000 | 
21191100 | 
21191200 | 
21191300 | 
21191400 | 
21191500 | 
21200000 | 
21210000 | 
21210100 | 
21210200 | 
21210300 | 
21210400 | 
21210500 | 
21210600 | 
21210700 | 
21210800 | 
21210900 | 
21211000 | 
21211100 | 
21211200 | 
21211300 | 
21211400 | 
21211500 | 
21220000 | 
21230000 | 
21230100 | 
21230200 | 
21230300 | 
21230400 | 
21230500 | 
21230600 | 
21230700 | 
21230800 | 
21230900 | 
21231000 | 
21231100 | 
21231200 | 
21231300 | 
21231400 | 
21231500 | 
21240000 | 
21240100 | 
21240200 | 
21240300 | 
21240400 | 
21240500 | 
21240600 | 
21240700 | 
21240800 | 
21240900 | 
21241000 | 
21241100 | 
21241200 | 
21241300 | 
21241400 | 
21241500 | 
21250000 | 
21250100 | 
21250200 | 
21250300 | 
21250400 | 
21250500 | 
21250600 | 
21250700 | 
21250800 | 
21250900 | 
21251000 | 
21251100 | 
21251200 | 
21251300 | 
21251400 | 
21251500 | 
21260000 | 
21270000 | 
21270100 | 
21270200 | 
21270300 | 
21270400 | 
21270500 | 
21270600 | 
21270700 | 
21270800 | 
21270900 | 
21271000 | 
21271100 | 
21271200 | 
21271300 | 
21271400 | 
21271500 | 
21280000 | 
21290000 | 
21290100 | 
21290200 | 
21290300 | 
21290400 | 
21290500 | 
21290600 | 
21290700 | 
21290800 | 
21290900 | 
21291000 | 
21291100 | 
21291200 | 
21291300 | 
21291400 | 
21291500 | 
21300000 | 
21310000 | 
22010000 | 
22010100 | 
22010200 | 
22010300 | 
22010400 | 
22010500 | 
22010600 | 
22010700 | 
22010800 | 
22010900 | 
22011000 | 
22011100 | 
22011200 | 
22011300 | 
22011400 | 
22011500 | 
22020000 | 
22020100 | 
22020200 | 
22020300 | 
22020400 | 
22020500 | 
22020600 | 
22020700 | 
22020800 | 
22020900 | 
22021000 | 
22021100 | 
22021200 | 
22021300 | 
22021400 | 
22021500 | 
22040000 | 
22050000 | 
22070000 | 
22080000 | 
22080100 | 
22080200 | 
22080300 | 
22080400 | 
22080500 | 
22080600 | 
22080700 | 
22080800 | 
22080900 | 
22081000 | 
22081100 | 
22081200 | 
22081300 | 
22081400 | 
22081500 | 
22090000 | 
22100000 | 
22100100 | 
22100200 | 
22100300 | 
22100400 | 
22100500 | 
22100600 | 
22100700 | 
22100800 | 
22100900 | 
22101000 | 
22101100 | 
22101200 | 
22101300 | 
22101400 | 
22101500 | 
22110000 | 
22120000 | 
22130000 | 
22130100 | 
22130200 | 
22130300 | 
22130400 | 
22130500 | 
22130600 | 
22130700 | 
22130800 | 
22130900 | 
22131000 | 
22131100 | 
22131200 | 
22131300 | 
22131400 | 
22131500 | 
22140000 | 
22140100 | 
22140200 | 
22140300 | 
22140400 | 
22140500 | 
22140600 | 
22140700 | 
22140800 | 
22140900 | 
22141000 | 
22141100 | 
22141200 | 
22141300 | 
22141400 | 
22141500 | 
23000000 | 
23010000 | 
63990000 | 
67000000 | 
90040000 | 
90050000 | 
90060000 | 